      Date      Rain       PET      actE    ExcSur    ExcBas    Excess    StoSur    StoBas   Storage        WU        WL        WD    Runoff     PmaxC     Gauge  EOL
                mm/h      mm/h      mm/h      mm/h      mm/h      mm/h      mm/h      mm/h      mm/h         %         %         %      mm/h     m^3/s     m^3/s  EOL
2009010100     0.000     0.072     0.072     0.000     0.000     0.000     0.000     0.000     0.000    39.870    40.000    40.000     0.000     0.000     0.000  EOL
2009010103     0.011     0.072     0.072     0.000     0.000     0.000     0.000     0.000     0.000    39.616    40.000    40.000     0.000     0.000     0.000  EOL
2009010106     0.000     0.072     0.072     0.000     0.000     0.000     0.000     0.000     0.000    39.369    40.000    40.000     0.000     0.000     0.000  EOL
2009010109     0.000     0.072     0.072     0.000     0.000     0.000     0.000     0.000     0.000    39.100    40.000    40.000     0.000     0.000     0.000  EOL
2009010112     0.000     0.072     0.072     0.000     0.000     0.000     0.000     0.000     0.000    38.835    40.000    40.000     0.000     0.000     0.000  EOL
2009010115     0.000     0.072     0.072     0.000     0.000     0.000     0.000     0.000     0.000    38.559    40.000    40.000     0.000     0.000     0.000  EOL
2009010118     0.000     0.072     0.072     0.000     0.000     0.000     0.000     0.000     0.000    38.291    40.000    40.000     0.000     0.000     0.000  EOL
2009010121     0.000     0.072     0.072     0.000     0.000     0.000     0.000     0.000     0.000    38.026    40.000    40.000     0.000     0.000     0.000  EOL
2009010200     0.003     0.072     0.072     0.000     0.000     0.000     0.000     0.000     0.000    37.758    40.000    40.000     0.000     0.000     0.000  EOL
2009010203     0.015     0.072     0.072     0.000     0.001     0.001     0.000     0.001     0.001    37.522    40.000    40.000     0.000     0.000     0.000  EOL
2009010206     0.000     0.072     0.072     0.000     0.000     0.000     0.000     0.001     0.001    37.285    40.000    40.000     0.000     0.000     0.000  EOL
2009010209     0.000     0.072     0.072     0.000     0.000     0.000     0.000     0.001     0.001    37.009    40.000    40.000     0.000     0.000     0.000  EOL
2009010212     0.000     0.072     0.072     0.000     0.000     0.000     0.000     0.001     0.001    36.742    40.000    40.000     0.000     0.000     0.000  EOL
2009010215     0.000     0.072     0.072     0.000     0.000     0.000     0.000     0.001     0.001    36.474    40.000    40.000     0.000     0.000     0.000  EOL
2009010218     0.000     0.072     0.072     0.000     0.000     0.000     0.000     0.001     0.001    36.205    40.000    40.000     0.000     0.000     0.000  EOL
2009010221     0.000     0.072     0.072     0.000     0.000     0.000     0.000     0.001     0.001    35.937    40.000    40.000     0.000     0.000     0.000  EOL
2009010300     0.000     0.072     0.072     0.000     0.000     0.000     0.000     0.001     0.001    35.666    40.000    40.000     0.000     0.000     0.000  EOL
2009010303     0.009     0.072     0.072     0.000     0.000     0.000     0.000     0.001     0.001    35.411    40.000    40.000     0.000     0.000     0.000  EOL
2009010306     0.000     0.072     0.072     0.000     0.000     0.000     0.000     0.001     0.001    35.158    40.000    40.000     0.000     0.000     0.000  EOL
2009010309     0.000     0.072     0.072     0.000     0.000     0.000     0.000     0.001     0.001    34.889    40.000    40.000     0.000     0.000     0.000  EOL
2009010312     0.000     0.072     0.072     0.000     0.000     0.000     0.000     0.001     0.001    34.621    40.000    40.000     0.000     0.000     0.000  EOL
2009010315     0.016     0.072     0.072     0.000     0.000     0.000     0.000     0.002     0.002    34.379    40.000    40.000     0.000     0.000     0.000  EOL
2009010318     0.000     0.072     0.072     0.000     0.000     0.000     0.000     0.002     0.002    34.143    40.000    40.000     0.000     0.000     0.000  EOL
2009010321     0.001     0.072     0.072     0.000     0.000     0.000     0.000     0.002     0.002    33.875    40.000    40.000     0.000     0.000     0.000  EOL
2009010400     0.004     0.072     0.072     0.000     0.000     0.000     0.000     0.002     0.002    33.618    40.000    40.000     0.000     0.000     0.000  EOL
2009010403     0.029     0.072     0.072     0.000     0.001     0.001     0.000     0.003     0.003    33.401    40.000    40.000     0.000     0.000     0.000  EOL
2009010406     0.001     0.072     0.072     0.000     0.000     0.000     0.000     0.003     0.003    33.187    40.000    40.000     0.000     0.000     0.000  EOL
2009010409     0.000     0.072     0.072     0.000     0.000     0.000     0.000     0.003     0.003    32.922    40.000    40.000     0.000     0.000     0.000  EOL
2009010412     0.000     0.072     0.072     0.000     0.000     0.000     0.000     0.003     0.003    32.654    40.000    40.000     0.000     0.000     0.001  EOL
2009010415     0.009     0.072     0.072     0.000     0.000     0.000     0.000     0.003     0.003    32.399    40.000    40.000     0.000     0.000     0.001  EOL
2009010418     0.000     0.072     0.072     0.000     0.000     0.000     0.000     0.003     0.003    32.148    40.000    40.000     0.000     0.000     0.001  EOL
2009010421     0.000     0.072     0.072     0.000     0.000     0.000     0.000     0.003     0.003    31.876    40.000    40.000     0.000     0.000     0.001  EOL
2009010500     0.000     0.072     0.072     0.000     0.000     0.000     0.000     0.003     0.003    31.609    40.000    40.000     0.000     0.000     0.001  EOL
2009010503     0.005     0.072     0.072     0.000     0.000     0.000     0.000     0.003     0.003    31.349    40.000    40.000     0.000     0.000     0.001  EOL
2009010506     0.000     0.072     0.072     0.000     0.000     0.000     0.000     0.003     0.003    31.091    40.000    40.000     0.000     0.000     0.001  EOL
2009010509     0.000     0.072     0.072     0.000     0.000     0.000     0.000     0.003     0.003    30.819    40.000    40.000     0.000     0.000     0.001  EOL
2009010512     0.020     0.072     0.072     0.000     0.001     0.001     0.000     0.004     0.004    30.587    40.000    40.000     0.000     0.000     0.001  EOL
2009010515     0.016     0.072     0.072     0.000     0.000     0.000     0.000     0.005     0.005    30.381    40.000    40.000     0.000     0.000     0.001  EOL
2009010518     0.006     0.072     0.072     0.000     0.000     0.000     0.000     0.005     0.005    30.155    40.000    40.000     0.000     0.000     0.002  EOL
2009010521     0.000     0.072     0.072     0.000     0.000     0.000     0.000     0.005     0.005    29.899    40.000    40.000     0.000     0.000     0.002  EOL
2009010600     0.000     0.072     0.072     0.000     0.000     0.000     0.000     0.005     0.005    29.629    40.000    40.000     0.000     0.000     0.002  EOL
2009010603     0.000     0.072     0.072     0.000     0.000     0.000     0.000     0.005     0.005    29.362    40.000    40.000     0.000     0.000     0.002  EOL
2009010606     0.000     0.072     0.072     0.000     0.000     0.000     0.000     0.005     0.005    29.091    40.000    40.000     0.000     0.000     0.002  EOL
2009010609     0.000     0.072     0.072     0.000     0.000     0.000     0.000     0.005     0.005    28.824    40.000    40.000     0.000     0.000     0.002  EOL
2009010612     0.000     0.072     0.072     0.000     0.000     0.000     0.000     0.005     0.005    28.554    40.000    40.000     0.000     0.000     0.002  EOL
2009010615     0.017     0.072     0.072     0.000     0.001     0.001     0.000     0.005     0.005    28.315    40.000    40.000     0.000     0.000     0.002  EOL
2009010618     0.000     0.072     0.072     0.000     0.000     0.000     0.000     0.005     0.005    28.075    40.000    40.000     0.000     0.000     0.002  EOL
2009010621     0.000     0.072     0.072     0.000     0.000     0.000     0.000     0.005     0.005    27.805    40.000    40.000     0.000     0.000     0.002  EOL
2009010700     0.000     0.072     0.072     0.000     0.000     0.000     0.000     0.005     0.005    27.536    40.000    40.000     0.000     0.000     0.002  EOL
2009010703     0.007     0.072     0.072     0.000     0.000     0.000     0.000     0.006     0.006    27.280    40.000    40.000     0.000     0.001     0.002  EOL
2009010706     0.000     0.072     0.072     0.000     0.000     0.000     0.000     0.006     0.006    27.026    40.000    40.000     0.000     0.001     0.002  EOL
2009010709     0.000     0.072     0.072     0.000     0.000     0.000     0.000     0.006     0.006    26.757    40.000    40.000     0.000     0.001     0.002  EOL
2009010712     0.000     0.072     0.072     0.000     0.000     0.000     0.000     0.006     0.006    26.489    40.000    40.000     0.000     0.001     0.002  EOL
2009010715     0.000     0.072     0.072     0.000     0.000     0.000     0.000     0.006     0.006    26.217    40.000    40.000     0.000     0.001     0.002  EOL
2009010718     0.000     0.072     0.072     0.000     0.000     0.000     0.000     0.006     0.006    25.947    40.000    40.000     0.000     0.001     0.002  EOL
2009010721     0.002     0.072     0.072     0.000     0.000     0.000     0.000     0.006     0.006    25.686    40.000    40.000     0.000     0.001     0.002  EOL
2009010800     0.001     0.072     0.072     0.000     0.000     0.000     0.000     0.006     0.006    25.421    40.000    40.000     0.000     0.001     0.002  EOL
2009010803     0.002     0.072     0.072     0.000     0.000     0.000     0.000     0.006     0.006    25.157    40.000    40.000     0.000     0.001     0.003  EOL
2009010806     0.000     0.072     0.072     0.000     0.000     0.000     0.000     0.006     0.006    24.891    40.000    40.000     0.000     0.001     0.003  EOL
2009010809     0.000     0.072     0.072     0.000     0.000     0.000     0.000     0.006     0.006    24.621    40.000    40.000     0.000     0.001     0.003  EOL
2009010812     0.001     0.072     0.072     0.000     0.000     0.000     0.000     0.006     0.006    24.354    40.000    40.000     0.000     0.001     0.003  EOL
2009010815     0.000     0.072     0.072     0.000     0.000     0.000     0.000     0.006     0.006    24.090    40.000    40.000     0.000     0.001     0.003  EOL
2009010818     0.000     0.072     0.072     0.000     0.000     0.000     0.000     0.006     0.006    23.819    40.000    40.000     0.000     0.001     0.003  EOL
2009010821     0.000     0.072     0.072     0.000     0.000     0.000     0.000     0.006     0.006    23.552    40.000    40.000     0.000     0.001     0.003  EOL
2009010900     0.000     0.072     0.072     0.000     0.000     0.000     0.000     0.006     0.006    23.282    40.000    40.000     0.000     0.001     0.003  EOL
2009010903     0.009     0.072     0.072     0.000     0.001     0.001     0.000     0.006     0.006    23.027    40.000    40.000     0.000     0.001     0.003  EOL
2009010906     0.000     0.072     0.072     0.000     0.000     0.000     0.000     0.006     0.006    22.776    40.000    40.000     0.000     0.001     0.003  EOL
2009010909     0.000     0.072     0.072     0.000     0.000     0.000     0.000     0.006     0.006    22.506    40.000    40.000     0.000     0.001     0.004  EOL
2009010912     0.000     0.072     0.072     0.000     0.000     0.000     0.000     0.006     0.006    22.238    40.000    40.000     0.000     0.001     0.004  EOL
2009010915     0.000     0.072     0.072     0.000     0.000     0.000     0.000     0.006     0.006    21.969    40.000    40.000     0.000     0.001     0.004  EOL
2009010918     0.066     0.072     0.072     0.000     0.001     0.001     0.000     0.007     0.007    21.820    40.000    40.000     0.000     0.001     0.004  EOL
2009010921     0.018     0.072     0.072     0.000     0.000     0.000     0.000     0.008     0.008    21.704    40.000    40.000     0.000     0.001     0.004  EOL
2009011000     0.008     0.072     0.072     0.000     0.000     0.000     0.000     0.008     0.008    21.484    40.000    40.000     0.000     0.001     0.004  EOL
2009011003     0.014     0.072     0.072     0.000     0.001     0.001     0.000     0.009     0.009    21.255    40.000    40.000     0.000     0.002     0.004  EOL
2009011006     0.000     0.072     0.072     0.000     0.000     0.000     0.000     0.009     0.009    21.010    40.000    40.000     0.000     0.002     0.004  EOL
2009011009     0.000     0.072     0.072     0.000     0.000     0.000     0.000     0.009     0.009    20.742    40.000    40.000     0.000     0.002     0.004  EOL
2009011012     0.000     0.072     0.072     0.000     0.000     0.000     0.000     0.009     0.009    20.475    40.000    40.000     0.000     0.002     0.004  EOL
2009011015     0.017     0.072     0.072     0.000     0.001     0.001     0.000     0.009     0.009    20.235    40.000    40.000     0.000     0.002     0.005  EOL
2009011018     0.000     0.072     0.072     0.000     0.000     0.000     0.000     0.009     0.009    19.999    40.000    40.000     0.000     0.002     0.005  EOL
2009011021     0.000     0.072     0.072     0.000     0.000     0.000     0.000     0.009     0.009    19.729    40.000    40.000     0.000     0.002     0.005  EOL
